49
0
48 1 0.0 10 0.0 9 0.0 11 0.0 12 0.0 2 0.0 13 0.0 8 0.0 14 0.0 27 0.0 3 0.0 26 0.0 7 0.0 15 0.0 25 0.0 4 0.0 24 0.0 6 0.0 16 0.0 29 0.0 28 0.0 30 0.0 23 0.0 31 0.0 5 0.0 17 0.0 32 0.0 22 0.0 33 0.0 47 0.0 48 0.0 18 0.0 46 0.0 21 0.0 45 0.0 34 0.0 44 0.0 20 0.0 35 0.0 43 0.0 19 0.0 36 0.0 42 0.0 41 0.0 37 0.0 40 0.0 39 0.0 38 0.0
1
48 9 0.0 0 0.0 2 0.0 10 0.0 8 0.0 13 0.0 14 0.0 3 0.0 7 0.0 12 0.0 15 0.0 11 0.0 16 0.0 6 0.0 25 0.0 4 0.0 26 0.0 24 0.0 27 0.0 23 0.0 17 0.0 5 0.0 22 0.0 31 0.0 32 0.0 18 0.0 30 0.0 21 0.0 33 0.0 29 0.0 34 0.0 28 0.0 20 0.0 35 0.0 45 0.0 44 0.0 46 0.0 19 0.0 43 0.0 47 0.0 36 0.0 42 0.0 48 0.0 37 0.0 41 0.0 40 0.0 39 0.0 38 0.0
2
48 8 0.0 1 0.0 3 0.0 7 0.0 9 0.0 6 0.0 15 0.0 16 0.0 0 0.0 4 0.0 14 0.0 10 0.0 17 0.0 5 0.0 13 0.0 18 0.0 23 0.0 22 0.0 24 0.0 12 0.0 21 0.0 25 0.0 20 0.0 11 0.0 26 0.0 34 0.0 33 0.0 19 0.0 35 0.0 32 0.0 27 0.0 36 0.0 31 0.0 37 0.0 30 0.0 42 0.0 43 0.0 41 0.0 29 0.0 44 0.0 40 0.0 45 0.0 39 0.0 28 0.0 46 0.0 38 0.0 47 0.0 48 0.0
3
48 6 0.0 4 0.0 2 0.0 7 0.0 5 0.0 8 0.0 17 0.0 18 0.0 1 0.0 16 0.0 15 0.0 9 0.0 21 0.0 20 0.0 0 0.0 14 0.0 22 0.0 19 0.0 10 0.0 23 0.0 13 0.0 24 0.0 36 0.0 37 0.0 35 0.0 34 0.0 12 0.0 25 0.0 33 0.0 11 0.0 26 0.0 32 0.0 40 0.0 39 0.0 41 0.0 38 0.0 42 0.0 31 0.0 27 0.0 43 0.0 30 0.0 44 0.0 45 0.0 29 0.0 46 0.0 28 0.0 47 0.0 48 0.0
4
48 5 0.0 3 0.0 6 0.0 18 0.0 2 0.0 7 0.0 17 0.0 8 0.0 16 0.0 19 0.0 1 0.0 20 0.0 21 0.0 15 0.0 9 0.0 0 0.0 22 0.0 37 0.0 14 0.0 10 0.0 36 0.0 23 0.0 35 0.0 13 0.0 24 0.0 38 0.0 34 0.0 39 0.0 12 0.0 40 0.0 25 0.0 33 0.0 41 0.0 11 0.0 26 0.0 32 0.0 42 0.0 27 0.0 31 0.0 43 0.0 44 0.0 30 0.0 29 0.0 45 0.0 28 0.0 46 0.0 47 0.0 48 0.0
5
48 4 0.0 6 0.0 18 0.0 3 0.0 17 0.0 19 0.0 7 0.0 20 0.0 2 0.0 16 0.0 21 0.0 8 0.0 37 0.0 22 0.0 15 0.0 36 0.0 1 0.0 9 0.0 35 0.0 38 0.0 23 0.0 39 0.0 14 0.0 0 0.0 40 0.0 34 0.0 10 0.0 24 0.0 41 0.0 13 0.0 33 0.0 42 0.0 25 0.0 12 0.0 32 0.0 43 0.0 26 0.0 11 0.0 31 0.0 44 0.0 27 0.0 30 0.0 45 0.0 29 0.0 46 0.0 28 0.0 47 0.0 48 0.0
6
48 3 0.0 5 0.0 7 0.0 17 0.0 18 0.0 4 0.0 16 0.0 2 0.0 20 0.0 8 0.0 21 0.0 19 0.0 15 0.0 22 0.0 1 0.0 37 0.0 36 0.0 9 0.0 23 0.0 35 0.0 14 0.0 34 0.0 24 0.0 0 0.0 10 0.0 39 0.0 40 0.0 13 0.0 38 0.0 33 0.0 41 0.0 25 0.0 42 0.0 32 0.0 12 0.0 43 0.0 26 0.0 31 0.0 11 0.0 44 0.0 27 0.0 30 0.0 45 0.0 29 0.0 46 0.0 28 0.0 47 0.0 48 0.0
7
48 16 0.0 6 0.0 8 0.0 3 0.0 2 0.0 17 0.0 15 0.0 18 0.0 22 0.0 21 0.0 5 0.0 9 0.0 4 0.0 1 0.0 14 0.0 23 0.0 20 0.0 24 0.0 35 0.0 19 0.0 13 0.0 10 0.0 34 0.0 36 0.0 0 0.0 33 0.0 25 0.0 37 0.0 32 0.0 12 0.0 41 0.0 42 0.0 40 0.0 26 0.0 43 0.0 39 0.0 31 0.0 11 0.0 44 0.0 38 0.0 27 0.0 30 0.0 45 0.0 29 0.0 46 0.0 28 0.0 47 0.0 48 0.0
8
48 2 0.0 15 0.0 9 0.0 7 0.0 14 0.0 16 0.0 1 0.0 3 0.0 13 0.0 23 0.0 10 0.0 6 0.0 24 0.0 17 0.0 22 0.0 0 0.0 25 0.0 21 0.0 12 0.0 4 0.0 33 0.0 18 0.0 5 0.0 34 0.0 26 0.0 32 0.0 35 0.0 20 0.0 31 0.0 11 0.0 36 0.0 27 0.0 30 0.0 43 0.0 19 0.0 42 0.0 44 0.0 41 0.0 37 0.0 45 0.0 29 0.0 40 0.0 46 0.0 39 0.0 28 0.0 47 0.0 38 0.0 48 0.0
9
48 1 0.0 10 0.0 8 0.0 14 0.0 13 0.0 2 0.0 15 0.0 0 0.0 12 0.0 25 0.0 24 0.0 7 0.0 26 0.0 16 0.0 23 0.0 3 0.0 11 0.0 27 0.0 32 0.0 31 0.0 22 0.0 6 0.0 33 0.0 30 0.0 17 0.0 4 0.0 34 0.0 29 0.0 21 0.0 5 0.0 45 0.0 44 0.0 18 0.0 35 0.0 28 0.0 46 0.0 43 0.0 20 0.0 47 0.0 42 0.0 36 0.0 48 0.0 41 0.0 19 0.0 37 0.0 40 0.0 39 0.0 38 0.0
10
48 12 0.0 9 0.0 0 0.0 13 0.0 1 0.0 11 0.0 14 0.0 26 0.0 8 0.0 27 0.0 2 0.0 25 0.0 15 0.0 24 0.0 30 0.0 7 0.0 29 0.0 31 0.0 3 0.0 23 0.0 28 0.0 32 0.0 16 0.0 33 0.0 6 0.0 46 0.0 22 0.0 47 0.0 45 0.0 4 0.0 48 0.0 17 0.0 44 0.0 34 0.0 21 0.0 5 0.0 43 0.0 18 0.0 35 0.0 42 0.0 20 0.0 36 0.0 41 0.0 19 0.0 37 0.0 40 0.0 39 0.0 38 0.0
11
48 12 0.0 27 0.0 10 0.0 26 0.0 0 0.0 28 0.0 13 0.0 29 0.0 9 0.0 30 0.0 1 0.0 25 0.0 48 0.0 14 0.0 47 0.0 31 0.0 46 0.0 8 0.0 24 0.0 2 0.0 32 0.0 15 0.0 45 0.0 23 0.0 7 0.0 44 0.0 33 0.0 3 0.0 16 0.0 22 0.0 43 0.0 6 0.0 34 0.0 4 0.0 17 0.0 21 0.0 42 0.0 5 0.0 35 0.0 18 0.0 41 0.0 20 0.0 36 0.0 19 0.0 40 0.0 37 0.0 39 0.0 38 0.0
12
48 13 0.0 11 0.0 10 0.0 27 0.0 26 0.0 9 0.0 25 0.0 0 0.0 14 0.0 29 0.0 30 0.0 1 0.0 28 0.0 31 0.0 24 0.0 8 0.0 47 0.0 32 0.0 15 0.0 46 0.0 2 0.0 48 0.0 45 0.0 23 0.0 33 0.0 7 0.0 44 0.0 16 0.0 3 0.0 22 0.0 43 0.0 34 0.0 6 0.0 17 0.0 42 0.0 4 0.0 21 0.0 35 0.0 5 0.0 18 0.0 41 0.0 20 0.0 36 0.0 40 0.0 19 0.0 37 0.0 39 0.0 38 0.0
13
48 14 0.0 12 0.0 25 0.0 9 0.0 26 0.0 10 0.0 24 0.0 27 0.0 8 0.0 1 0.0 31 0.0 11 0.0 15 0.0 30 0.0 32 0.0 0 0.0 23 0.0 29 0.0 2 0.0 33 0.0 7 0.0 45 0.0 16 0.0 46 0.0 28 0.0 44 0.0 22 0.0 47 0.0 34 0.0 3 0.0 43 0.0 48 0.0 17 0.0 6 0.0 21 0.0 42 0.0 35 0.0 4 0.0 41 0.0 18 0.0 5 0.0 20 0.0 36 0.0 40 0.0 37 0.0 19 0.0 39 0.0 38 0.0
14
48 24 0.0 13 0.0 15 0.0 9 0.0 25 0.0 8 0.0 23 0.0 10 0.0 26 0.0 32 0.0 1 0.0 12 0.0 16 0.0 2 0.0 33 0.0 7 0.0 31 0.0 22 0.0 34 0.0 30 0.0 0 0.0 27 0.0 44 0.0 11 0.0 3 0.0 17 0.0 43 0.0 45 0.0 21 0.0 6 0.0 35 0.0 29 0.0 42 0.0 46 0.0 41 0.0 18 0.0 47 0.0 20 0.0 36 0.0 4 0.0 28 0.0 5 0.0 40 0.0 48 0.0 37 0.0 19 0.0 39 0.0 38 0.0
15
48 23 0.0 8 0.0 14 0.0 16 0.0 24 0.0 22 0.0 7 0.0 9 0.0 2 0.0 33 0.0 13 0.0 17 0.0 34 0.0 25 0.0 21 0.0 32 0.0 1 0.0 6 0.0 35 0.0 3 0.0 10 0.0 31 0.0 26 0.0 20 0.0 43 0.0 42 0.0 12 0.0 18 0.0 36 0.0 44 0.0 41 0.0 0 0.0 5 0.0 4 0.0 30 0.0 45 0.0 40 0.0 37 0.0 27 0.0 19 0.0 11 0.0 46 0.0 39 0.0 29 0.0 47 0.0 38 0.0 28 0.0 48 0.0
16
48 7 0.0 22 0.0 17 0.0 15 0.0 21 0.0 8 0.0 23 0.0 6 0.0 20 0.0 35 0.0 18 0.0 14 0.0 2 0.0 34 0.0 3 0.0 24 0.0 36 0.0 9 0.0 33 0.0 5 0.0 19 0.0 1 0.0 37 0.0 4 0.0 41 0.0 13 0.0 42 0.0 25 0.0 32 0.0 40 0.0 43 0.0 10 0.0 39 0.0 31 0.0 44 0.0 0 0.0 26 0.0 12 0.0 38 0.0 45 0.0 30 0.0 27 0.0 11 0.0 46 0.0 29 0.0 47 0.0 28 0.0 48 0.0
17
48 18 0.0 16 0.0 21 0.0 6 0.0 20 0.0 7 0.0 22 0.0 5 0.0 19 0.0 3 0.0 36 0.0 15 0.0 35 0.0 37 0.0 8 0.0 23 0.0 2 0.0 4 0.0 34 0.0 40 0.0 14 0.0 39 0.0 41 0.0 9 0.0 24 0.0 33 0.0 38 0.0 1 0.0 42 0.0 13 0.0 32 0.0 43 0.0 25 0.0 10 0.0 0 0.0 44 0.0 31 0.0 12 0.0 26 0.0 45 0.0 30 0.0 11 0.0 27 0.0 46 0.0 29 0.0 47 0.0 28 0.0 48 0.0
18
48 17 0.0 19 0.0 20 0.0 6 0.0 5 0.0 21 0.0 7 0.0 37 0.0 16 0.0 4 0.0 3 0.0 36 0.0 22 0.0 35 0.0 2 0.0 8 0.0 38 0.0 39 0.0 15 0.0 40 0.0 23 0.0 34 0.0 41 0.0 1 0.0 14 0.0 9 0.0 24 0.0 33 0.0 42 0.0 13 0.0 10 0.0 0 0.0 43 0.0 32 0.0 25 0.0 44 0.0 12 0.0 31 0.0 26 0.0 45 0.0 11 0.0 30 0.0 27 0.0 46 0.0 29 0.0 47 0.0 28 0.0 48 0.0
19
48 20 0.0 18 0.0 37 0.0 17 0.0 5 0.0 38 0.0 21 0.0 36 0.0 6 0.0 39 0.0 40 0.0 16 0.0 35 0.0 4 0.0 7 0.0 22 0.0 3 0.0 41 0.0 34 0.0 15 0.0 8 0.0 2 0.0 23 0.0 42 0.0 33 0.0 14 0.0 24 0.0 9 0.0 1 0.0 43 0.0 32 0.0 13 0.0 25 0.0 10 0.0 44 0.0 0 0.0 31 0.0 12 0.0 26 0.0 45 0.0 30 0.0 11 0.0 27 0.0 46 0.0 29 0.0 47 0.0 28 0.0 48 0.0
20
48 21 0.0 19 0.0 37 0.0 18 0.0 17 0.0 36 0.0 35 0.0 6 0.0 16 0.0 39 0.0 22 0.0 40 0.0 38 0.0 5 0.0 7 0.0 41 0.0 34 0.0 3 0.0 15 0.0 23 0.0 4 0.0 8 0.0 42 0.0 2 0.0 33 0.0 14 0.0 24 0.0 43 0.0 9 0.0 1 0.0 32 0.0 25 0.0 13 0.0 44 0.0 10 0.0 31 0.0 0 0.0 45 0.0 26 0.0 12 0.0 30 0.0 46 0.0 27 0.0 11 0.0 29 0.0 47 0.0 28 0.0 48 0.0
21
48 20 0.0 22 0.0 17 0.0 36 0.0 35 0.0 16 0.0 37 0.0 18 0.0 34 0.0 40 0.0 19 0.0 23 0.0 7 0.0 6 0.0 41 0.0 15 0.0 39 0.0 42 0.0 8 0.0 33 0.0 5 0.0 38 0.0 3 0.0 24 0.0 14 0.0 2 0.0 43 0.0 4 0.0 32 0.0 9 0.0 25 0.0 44 0.0 1 0.0 13 0.0 31 0.0 10 0.0 45 0.0 26 0.0 0 0.0 12 0.0 30 0.0 46 0.0 27 0.0 11 0.0 29 0.0 47 0.0 28 0.0 48 0.0
22
48 16 0.0 21 0.0 23 0.0 35 0.0 34 0.0 15 0.0 17 0.0 36 0.0 33 0.0 7 0.0 20 0.0 24 0.0 41 0.0 42 0.0 8 0.0 14 0.0 40 0.0 6 0.0 43 0.0 18 0.0 37 0.0 32 0.0 2 0.0 9 0.0 39 0.0 19 0.0 25 0.0 3 0.0 44 0.0 13 0.0 5 0.0 31 0.0 1 0.0 38 0.0 4 0.0 45 0.0 10 0.0 26 0.0 12 0.0 30 0.0 0 0.0 46 0.0 27 0.0 11 0.0 29 0.0 47 0.0 28 0.0 48 0.0
23
48 15 0.0 24 0.0 22 0.0 33 0.0 34 0.0 16 0.0 14 0.0 32 0.0 35 0.0 8 0.0 25 0.0 21 0.0 43 0.0 42 0.0 7 0.0 44 0.0 17 0.0 13 0.0 9 0.0 41 0.0 31 0.0 36 0.0 2 0.0 26 0.0 20 0.0 45 0.0 6 0.0 40 0.0 1 0.0 10 0.0 3 0.0 30 0.0 18 0.0 12 0.0 37 0.0 46 0.0 39 0.0 27 0.0 19 0.0 5 0.0 0 0.0 29 0.0 4 0.0 11 0.0 47 0.0 38 0.0 28 0.0 48 0.0
24
48 14 0.0 25 0.0 23 0.0 32 0.0 33 0.0 15 0.0 31 0.0 13 0.0 34 0.0 44 0.0 26 0.0 22 0.0 9 0.0 8 0.0 43 0.0 16 0.0 45 0.0 30 0.0 12 0.0 42 0.0 10 0.0 7 0.0 35 0.0 46 0.0 1 0.0 27 0.0 21 0.0 2 0.0 41 0.0 17 0.0 29 0.0 11 0.0 47 0.0 36 0.0 0 0.0 6 0.0 3 0.0 20 0.0 40 0.0 28 0.0 18 0.0 48 0.0 37 0.0 5 0.0 4 0.0 39 0.0 19 0.0 38 0.0
25
48 24 0.0 26 0.0 31 0.0 13 0.0 14 0.0 32 0.0 30 0.0 12 0.0 9 0.0 45 0.0 33 0.0 27 0.0 23 0.0 15 0.0 44 0.0 10 0.0 46 0.0 29 0.0 8 0.0 43 0.0 11 0.0 47 0.0 34 0.0 1 0.0 22 0.0 16 0.0 28 0.0 0 0.0 2 0.0 42 0.0 7 0.0 48 0.0 35 0.0 21 0.0 17 0.0 41 0.0 3 0.0 6 0.0 36 0.0 20 0.0 40 0.0 18 0.0 4 0.0 5 0.0 37 0.0 39 0.0 19 0.0 38 0.0
26
48 30 0.0 25 0.0 27 0.0 12 0.0 13 0.0 31 0.0 29 0.0 11 0.0 14 0.0 10 0.0 46 0.0 24 0.0 32 0.0 47 0.0 28 0.0 45 0.0 9 0.0 48 0.0 44 0.0 15 0.0 33 0.0 1 0.0 23 0.0 0 0.0 8 0.0 43 0.0 2 0.0 34 0.0 16 0.0 22 0.0 7 0.0 42 0.0 3 0.0 35 0.0 21 0.0 17 0.0 6 0.0 41 0.0 36 0.0 4 0.0 20 0.0 18 0.0 40 0.0 5 0.0 37 0.0 19 0.0 39 0.0 38 0.0
27
48 29 0.0 26 0.0 12 0.0 11 0.0 28 0.0 30 0.0 13 0.0 47 0.0 25 0.0 10 0.0 48 0.0 31 0.0 46 0.0 9 0.0 14 0.0 45 0.0 0 0.0 24 0.0 32 0.0 1 0.0 44 0.0 8 0.0 15 0.0 33 0.0 23 0.0 2 0.0 43 0.0 7 0.0 16 0.0 34 0.0 22 0.0 3 0.0 42 0.0 6 0.0 35 0.0 17 0.0 21 0.0 41 0.0 4 0.0 5 0.0 36 0.0 18 0.0 20 0.0 40 0.0 37 0.0 19 0.0 39 0.0 38 0.0
28
48 29 0.0 48 0.0 27 0.0 47 0.0 11 0.0 30 0.0 26 0.0 12 0.0 46 0.0 31 0.0 13 0.0 25 0.0 10 0.0 45 0.0 0 0.0 32 0.0 9 0.0 14 0.0 24 0.0 44 0.0 1 0.0 33 0.0 8 0.0 15 0.0 23 0.0 43 0.0 2 0.0 34 0.0 7 0.0 16 0.0 42 0.0 22 0.0 3 0.0 35 0.0 6 0.0 41 0.0 17 0.0 21 0.0 4 0.0 36 0.0 5 0.0 18 0.0 40 0.0 20 0.0 37 0.0 19 0.0 39 0.0 38 0.0
29
48 27 0.0 30 0.0 28 0.0 47 0.0 48 0.0 26 0.0 46 0.0 31 0.0 12 0.0 11 0.0 25 0.0 45 0.0 13 0.0 32 0.0 10 0.0 24 0.0 44 0.0 14 0.0 9 0.0 0 0.0 33 0.0 1 0.0 43 0.0 23 0.0 15 0.0 8 0.0 34 0.0 2 0.0 42 0.0 22 0.0 16 0.0 7 0.0 35 0.0 3 0.0 41 0.0 21 0.0 17 0.0 6 0.0 36 0.0 40 0.0 4 0.0 20 0.0 18 0.0 5 0.0 37 0.0 39 0.0 19 0.0 38 0.0
30
48 26 0.0 29 0.0 31 0.0 46 0.0 47 0.0 27 0.0 25 0.0 45 0.0 32 0.0 28 0.0 12 0.0 48 0.0 13 0.0 44 0.0 24 0.0 11 0.0 14 0.0 10 0.0 33 0.0 9 0.0 43 0.0 23 0.0 15 0.0 8 0.0 1 0.0 34 0.0 0 0.0 42 0.0 22 0.0 16 0.0 2 0.0 7 0.0 35 0.0 41 0.0 21 0.0 17 0.0 3 0.0 6 0.0 36 0.0 40 0.0 20 0.0 18 0.0 4 0.0 5 0.0 37 0.0 39 0.0 19 0.0 38 0.0
31
48 45 0.0 32 0.0 30 0.0 25 0.0 46 0.0 26 0.0 44 0.0 24 0.0 13 0.0 33 0.0 29 0.0 47 0.0 27 0.0 14 0.0 43 0.0 12 0.0 23 0.0 15 0.0 9 0.0 48 0.0 34 0.0 28 0.0 10 0.0 42 0.0 11 0.0 8 0.0 22 0.0 16 0.0 1 0.0 35 0.0 41 0.0 0 0.0 7 0.0 2 0.0 21 0.0 17 0.0 36 0.0 40 0.0 3 0.0 6 0.0 20 0.0 18 0.0 37 0.0 39 0.0 4 0.0 5 0.0 19 0.0 38 0.0
32
48 44 0.0 31 0.0 33 0.0 24 0.0 25 0.0 45 0.0 43 0.0 23 0.0 14 0.0 30 0.0 34 0.0 26 0.0 46 0.0 42 0.0 13 0.0 15 0.0 22 0.0 9 0.0 12 0.0 29 0.0 35 0.0 47 0.0 27 0.0 8 0.0 16 0.0 41 0.0 10 0.0 21 0.0 7 0.0 11 0.0 1 0.0 48 0.0 36 0.0 28 0.0 17 0.0 2 0.0 40 0.0 0 0.0 20 0.0 6 0.0 3 0.0 37 0.0 39 0.0 18 0.0 19 0.0 5 0.0 4 0.0 38 0.0
33
48 43 0.0 34 0.0 32 0.0 23 0.0 24 0.0 42 0.0 44 0.0 22 0.0 15 0.0 31 0.0 35 0.0 25 0.0 14 0.0 41 0.0 45 0.0 16 0.0 21 0.0 13 0.0 8 0.0 26 0.0 30 0.0 36 0.0 40 0.0 46 0.0 9 0.0 7 0.0 17 0.0 20 0.0 12 0.0 10 0.0 2 0.0 27 0.0 29 0.0 37 0.0 39 0.0 47 0.0 6 0.0 1 0.0 18 0.0 3 0.0 19 0.0 11 0.0 0 0.0 38 0.0 48 0.0 28 0.0 5 0.0 4 0.0
34
48 42 0.0 33 0.0 35 0.0 22 0.0 23 0.0 41 0.0 43 0.0 21 0.0 24 0.0 32 0.0 36 0.0 15 0.0 16 0.0 40 0.0 44 0.0 14 0.0 17 0.0 20 0.0 25 0.0 31 0.0 37 0.0 8 0.0 7 0.0 39 0.0 45 0.0 13 0.0 18 0.0 9 0.0 6 0.0 19 0.0 26 0.0 2 0.0 38 0.0 30 0.0 46 0.0 3 0.0 1 0.0 10 0.0 5 0.0 12 0.0 27 0.0 4 0.0 29 0.0 47 0.0 0 0.0 11 0.0 28 0.0 48 0.0
35
48 36 0.0 41 0.0 34 0.0 22 0.0 21 0.0 40 0.0 42 0.0 23 0.0 20 0.0 16 0.0 37 0.0 33 0.0 39 0.0 17 0.0 43 0.0 15 0.0 24 0.0 18 0.0 19 0.0 7 0.0 38 0.0 32 0.0 6 0.0 44 0.0 14 0.0 8 0.0 25 0.0 5 0.0 3 0.0 31 0.0 2 0.0 9 0.0 45 0.0 13 0.0 4 0.0 1 0.0 26 0.0 30 0.0 10 0.0 46 0.0 12 0.0 0 0.0 27 0.0 29 0.0 47 0.0 11 0.0 28 0.0 48 0.0
36
48 35 0.0 37 0.0 40 0.0 21 0.0 20 0.0 39 0.0 41 0.0 22 0.0 17 0.0 34 0.0 19 0.0 38 0.0 18 0.0 16 0.0 42 0.0 23 0.0 6 0.0 33 0.0 15 0.0 7 0.0 43 0.0 5 0.0 24 0.0 8 0.0 3 0.0 32 0.0 14 0.0 44 0.0 2 0.0 4 0.0 9 0.0 25 0.0 31 0.0 13 0.0 1 0.0 45 0.0 10 0.0 26 0.0 30 0.0 12 0.0 46 0.0 0 0.0 27 0.0 29 0.0 11 0.0 47 0.0 28 0.0 48 0.0
37
48 36 0.0 39 0.0 20 0.0 38 0.0 19 0.0 40 0.0 21 0.0 18 0.0 35 0.0 17 0.0 41 0.0 22 0.0 16 0.0 6 0.0 34 0.0 5 0.0 42 0.0 7 0.0 23 0.0 15 0.0 3 0.0 33 0.0 4 0.0 43 0.0 8 0.0 2 0.0 24 0.0 14 0.0 32 0.0 44 0.0 9 0.0 1 0.0 25 0.0 13 0.0 31 0.0 45 0.0 10 0.0 26 0.0 0 0.0 12 0.0 30 0.0 46 0.0 27 0.0 11 0.0 29 0.0 47 0.0 28 0.0 48 0.0
38
48 39 0.0 37 0.0 19 0.0 40 0.0 36 0.0 20 0.0 21 0.0 35 0.0 18 0.0 41 0.0 17 0.0 22 0.0 5 0.0 34 0.0 42 0.0 6 0.0 16 0.0 7 0.0 23 0.0 4 0.0 33 0.0 43 0.0 15 0.0 3 0.0 8 0.0 24 0.0 2 0.0 32 0.0 44 0.0 14 0.0 9 0.0 25 0.0 1 0.0 31 0.0 45 0.0 13 0.0 10 0.0 26 0.0 0 0.0 30 0.0 46 0.0 12 0.0 27 0.0 29 0.0 47 0.0 11 0.0 28 0.0 48 0.0
39
48 40 0.0 38 0.0 37 0.0 36 0.0 20 0.0 41 0.0 35 0.0 19 0.0 21 0.0 42 0.0 22 0.0 18 0.0 34 0.0 17 0.0 16 0.0 23 0.0 6 0.0 43 0.0 33 0.0 5 0.0 7 0.0 15 0.0 24 0.0 3 0.0 8 0.0 44 0.0 32 0.0 4 0.0 14 0.0 2 0.0 25 0.0 9 0.0 45 0.0 31 0.0 13 0.0 1 0.0 26 0.0 10 0.0 46 0.0 30 0.0 12 0.0 0 0.0 27 0.0 47 0.0 29 0.0 11 0.0 48 0.0 28 0.0
40
48 39 0.0 41 0.0 36 0.0 35 0.0 37 0.0 21 0.0 38 0.0 42 0.0 34 0.0 20 0.0 22 0.0 19 0.0 17 0.0 43 0.0 33 0.0 23 0.0 16 0.0 18 0.0 15 0.0 6 0.0 44 0.0 7 0.0 24 0.0 32 0.0 5 0.0 8 0.0 14 0.0 3 0.0 45 0.0 25 0.0 31 0.0 2 0.0 4 0.0 9 0.0 13 0.0 1 0.0 46 0.0 26 0.0 30 0.0 10 0.0 12 0.0 47 0.0 0 0.0 27 0.0 29 0.0 11 0.0 48 0.0 28 0.0
41
48 42 0.0 40 0.0 35 0.0 34 0.0 36 0.0 43 0.0 39 0.0 22 0.0 21 0.0 33 0.0 37 0.0 23 0.0 20 0.0 16 0.0 44 0.0 38 0.0 32 0.0 17 0.0 24 0.0 15 0.0 19 0.0 18 0.0 7 0.0 14 0.0 45 0.0 31 0.0 25 0.0 6 0.0 8 0.0 5 0.0 13 0.0 9 0.0 3 0.0 46 0.0 2 0.0 30 0.0 26 0.0 4 0.0 1 0.0 10 0.0 12 0.0 47 0.0 29 0.0 27 0.0 0 0.0 11 0.0 48 0.0 28 0.0
42
48 34 0.0 43 0.0 41 0.0 33 0.0 35 0.0 44 0.0 40 0.0 23 0.0 22 0.0 32 0.0 36 0.0 24 0.0 21 0.0 45 0.0 39 0.0 15 0.0 16 0.0 31 0.0 37 0.0 25 0.0 20 0.0 14 0.0 17 0.0 8 0.0 46 0.0 38 0.0 7 0.0 30 0.0 13 0.0 18 0.0 26 0.0 19 0.0 9 0.0 6 0.0 2 0.0 47 0.0 12 0.0 3 0.0 29 0.0 10 0.0 27 0.0 1 0.0 5 0.0 4 0.0 48 0.0 11 0.0 0 0.0 28 0.0
43
48 33 0.0 42 0.0 44 0.0 32 0.0 34 0.0 41 0.0 45 0.0 23 0.0 24 0.0 31 0.0 35 0.0 22 0.0 25 0.0 15 0.0 46 0.0 40 0.0 14 0.0 30 0.0 36 0.0 21 0.0 16 0.0 26 0.0 13 0.0 8 0.0 47 0.0 39 0.0 17 0.0 9 0.0 20 0.0 29 0.0 37 0.0 7 0.0 12 0.0 27 0.0 10 0.0 2 0.0 6 0.0 18 0.0 48 0.0 38 0.0 1 0.0 19 0.0 28 0.0 11 0.0 3 0.0 0 0.0 5 0.0 4 0.0
44
48 32 0.0 45 0.0 43 0.0 33 0.0 31 0.0 42 0.0 46 0.0 24 0.0 25 0.0 34 0.0 30 0.0 23 0.0 26 0.0 14 0.0 41 0.0 47 0.0 22 0.0 13 0.0 35 0.0 15 0.0 29 0.0 27 0.0 12 0.0 16 0.0 9 0.0 48 0.0 40 0.0 21 0.0 8 0.0 36 0.0 28 0.0 10 0.0 7 0.0 11 0.0 17 0.0 1 0.0 39 0.0 20 0.0 2 0.0 37 0.0 6 0.0 0 0.0 18 0.0 3 0.0 38 0.0 19 0.0 5 0.0 4 0.0
45
48 44 0.0 31 0.0 46 0.0 32 0.0 30 0.0 25 0.0 43 0.0 47 0.0 33 0.0 26 0.0 24 0.0 29 0.0 27 0.0 13 0.0 42 0.0 48 0.0 23 0.0 14 0.0 34 0.0 12 0.0 28 0.0 15 0.0 22 0.0 9 0.0 41 0.0 11 0.0 10 0.0 35 0.0 8 0.0 16 0.0 21 0.0 1 0.0 40 0.0 7 0.0 36 0.0 0 0.0 2 0.0 17 0.0 20 0.0 39 0.0 6 0.0 3 0.0 37 0.0 18 0.0 19 0.0 38 0.0 5 0.0 4 0.0
46
48 47 0.0 45 0.0 30 0.0 31 0.0 29 0.0 26 0.0 44 0.0 48 0.0 32 0.0 25 0.0 27 0.0 28 0.0 24 0.0 43 0.0 13 0.0 12 0.0 33 0.0 14 0.0 11 0.0 23 0.0 10 0.0 42 0.0 34 0.0 9 0.0 15 0.0 8 0.0 22 0.0 1 0.0 41 0.0 0 0.0 35 0.0 16 0.0 2 0.0 7 0.0 21 0.0 40 0.0 36 0.0 17 0.0 3 0.0 6 0.0 20 0.0 39 0.0 37 0.0 18 0.0 4 0.0 5 0.0 19 0.0 38 0.0
47
48 48 0.0 46 0.0 29 0.0 30 0.0 28 0.0 45 0.0 27 0.0 31 0.0 26 0.0 25 0.0 12 0.0 44 0.0 32 0.0 11 0.0 13 0.0 24 0.0 10 0.0 14 0.0 43 0.0 33 0.0 9 0.0 23 0.0 15 0.0 0 0.0 42 0.0 34 0.0 1 0.0 8 0.0 22 0.0 2 0.0 16 0.0 41 0.0 35 0.0 7 0.0 21 0.0 17 0.0 3 0.0 40 0.0 36 0.0 6 0.0 20 0.0 18 0.0 4 0.0 39 0.0 37 0.0 5 0.0 19 0.0 38 0.0
48
48 47 0.0 28 0.0 29 0.0 46 0.0 30 0.0 27 0.0 26 0.0 11 0.0 31 0.0 45 0.0 12 0.0 25 0.0 13 0.0 32 0.0 44 0.0 10 0.0 24 0.0 14 0.0 9 0.0 0 0.0 33 0.0 43 0.0 1 0.0 23 0.0 15 0.0 8 0.0 34 0.0 42 0.0 2 0.0 22 0.0 16 0.0 7 0.0 41 0.0 35 0.0 3 0.0 21 0.0 17 0.0 6 0.0 40 0.0 36 0.0 4 0.0 20 0.0 18 0.0 5 0.0 39 0.0 37 0.0 19 0.0 38 0.0
